
1
2
3
4
5
6
7
8
9
10
886
1819
3317
4391
5078
6022
6255
7309
8046
12270
12572
14517
16082
18880
20671
22166
22272
25751
26189
26947
29001
29030
32276
33376
33420
33832
36380
38201
40802
41171
42515
43842
49130
49793
50173
50600
51165
51176
58152
59463
60153
61848
63197
64103
64501
64530
65478
65541
66379
66773
67389
68226
68597
68982
71050
73205
73528
74507
77326
78241
78513
78837
79116
79711
82155
82282
82503
83183
83621
83646
83808
84964
87277
87856
88485
90803
91096
92290
92651
93570
94792
95189
96787
96920
97114
97409
98312
100696
102904
103142
103963
104555
104886
105165
105863
106378
106986
107024
107956
109199
110236
110539
110716
110801
110901
111156
115260
115879
116294
116794
117083
117657
117661
119291
122438
122577
122619
122897
123316
124060
124957
128462
130089
130824
131315
132179
133022
133412
133971
136255
138240
139719
140222
141221
142707
144113
144542
145044
145287
145648
146600
146740
148157
149418
149898
150332
150557
151200
154094
154605
154843
155521
155567
156314
156823
157002
157792
158921
159141
159418
160909
161740
161761
162021
162441
162990
164389
165453
167202
167287
168000
169817
170140
172297
172420
173424
174618
175344
176027
181423
181808
183127
185831
186150
186508
187303
187963
188214
188387
188594
189242
190408
191399
191780
192565
192836
194308
194375
195067
196745
199679
200803
201653
201922
204006
206910
208235
208530
209361
214697
214883
215154
216151
216545
216591
218305
219333
220708
221031
221348
221352
221757
222709
223265
224088
224405
224511
224983
225172
225610
226485
227461
228294
228653
230020
230082
230443
232379
232747
233994
237071
238782
238797
239927
242769
243079
243348
244036
248074
252170
253901
254586
259698
261311
262264
262611
263222
263807
266054
267759
267967
268705
270140
271126
271314
271441
272011
272982
273082
273395
274129
274600
275780
277258
277477
277664
279884
280681
282444
282521
282879
285131
286403
288514
288786
289281
289290
290609
291092
291336
291645
291735
293530
293896
294173
294942
296398
296979
297131
299103
301573
303999
304844
305487
306308
307942
307949
308345
308604
309255
313274
313474
313987
314034
314697
315237
315515
316705
318014
319152
319885
323520
324025
324807
325355
325548
325789
326649
328883
329444
330833
331098
331565
331871
333011
333403
334583
336616
336658
337227
337289
337317
338948
342402
344021
345938
346527
349602
351487
352278
352320
352370
353010
353085
353343
356384
356428
358961
361277
361878
365206
365334
365736
366591
368143
368795
370629
371893
372524
372740
373107
374431
377176
381319
381869
383480
386089
386299
386930
388482
389331
390894
391461
392997
395343
397826
401759
402395
403143
403446
404760
405391
407181
408099
413167
413387
416506
416909
417829
418021
418838
420683
420888
422909
426330
428176
428250
428385
428665
428761
429481
429563
429725
431553
432215
433657
435379
435941
438664
438952
440606
440823
441010
444529
446752
447073
447765
448010
450097
450454
450541
450732
452978
453083
455720
456709
456732
457049
457300
457653
459564
460671
460779
463839
464054
465333
465834
467091
467694
467963
469565
469927
470403
472604
473298
473508
477048
477459
478756
480634
480716
480893
481029
481715
484122
484734
484858
485725
487225
488218
490412
490859
491290
491356
492989
493781
494606
494850
495452
495582
495673
495725
496629
497054
497066
497644
498781
500249
500640
500692
502900
503448
504323
505224
505542
506084
506208
507008
509519
509905
510125
511006
511994
512113
513906
514171
514224
515505
516372
516573
517655
519412
521163
523349
523812
524396
525490
525646
526282
526686
527530
527691
528333
532264
532468
533153
533237
533841
534924
534952
535955
536343
537196
538755
544561
545501
545849
546744
547351
549540
550398
552227
552356
553297
553381
554026
556830
556859
557102
557421
559144
559513
562725
562999
563308
563451
564925
565789
566054
568470
569287
570808
572994
573675
574262
574940
575788
578272
578356
580030
580742
581501
582148
584408
584736
585712
588893
589802
594379
595820
596692
597120
598592
598851
601577
601995
602092
603661
604367
607058
607392
607413
608090
609493
610254
614043
615124
616596
616936
618582
619023
621979
622150
622265
622964
622983
624071
624145
629301
629646
630083
631137
631412
631880
632016
632070
633923
634101
634336
634386
634500
634766
635324
637991
638344
639504
640328
640499
640978
642384
642477
644259
644945
645155
645377
646356
646709
647412
648011
648388
648716
650281
650793
650906
651800
655179
655488
655888
656641
657138
658281
658691
661611
662377
665780
665979
666335
667065
667268
668473
669576
669603
671474
673296
675163
678496
678857
680556
681436
681695
682486
684724
685373
687062
687067
687602
688373
688661
690062
690271
691159
692715
693014
693619
693760
694505
698483
699110
699339
700785
700901
701591
703274
703500
703657
704137
704302
706282
706319
706886
711539
713023
713548
713795
714970
716860
717057
717720
717740
717970
718217
718558
719971
720582
720951
721815
722146
723191
723567
724406
724779
725128
725513
726021
728479
728537
729729
731128
732251
732875
734424
736213
736593
737015
737058
739314
740005
740378
741336
741801
742478
742660
744448
744615
745112
745217
747481
748200
748265
748662
750747
750932
750997
753433
756539
757252
757790
760100
760423
760916
761262
762239
762475
762698
763624
763927
765254
765742
766596
768866
770952
772354
774314
776655
777414
778387
778846
779486
780204
780533
782030
782733
783691
784433
785815
789249
789288
790662
791753
791768
793540
793871
795979
798314
800479
801662
802902
804319
804589
806381
806716
807188
807805
808374
808410
811765
811957
813362
813505
815424
817935
818068
818995
820744
823227
824620
825459
825613
827064
827461
827914
828529
830549
832139
832152
833304
834009
835487
838349
838619
840762
841945
841953
843093
844841
845130
845729
846276
846514
846699
847430
847449
849554
849584
849758
854973
855325
855802
857196
859205
860399
860654
860974
861210
861398
861475
862514
863950
865695
866496
866916
867308
868068
868435
868464
869051
869647
871609
872413
873201
873508
873527
874087
878545
880193
880393
881925
883491
884637
884648
886072
888541
889138
889279
889474
892232
893068
897690
899440
900262
900377
901140
901945
902367
902402
903244
904189
904348
904726
905128
907209
908006
908865
908992
910501
910887
911256
911940
912080
913447
913626
915072
916568
916649
917199
917378
917445
919509
919772
920243
921368
922113
925724
926415
927173
927919
929228
929711
930330
930819
931514
931999
932155
933562
934048
934809
934850
936114
939603
940959
941099
942008
944497
945239
948021
948342
948985
950315
950565
951966
952252
954176
956914
957043
958178
959137
960218
960871
963254
964228
965853
966248
966334
968124
968958
969186
972623
973622
974650
975477
979541
983794
984782
985176
986301
988698
988839
992101
994533
999990
999991
999992
999993
999994
999995
999996
999997
999998
999999
1000000