10754
7954
9093
-1
7881
1592
2188
5246
16391
-1
2945
47122
2866
-1
10587
2727
-1
5080
9275
3557
2087
6122
45885
24482
16417
27478
22930
49851
2577
8486
4516
1912
3546
10137
3458
2061
13055
5979
21312
3736
5039
12831
8133
4900
23282
40788
5224
1681
9228
3044
-1
5013
9095
77390
-1
-1
4366
9792
5239
6717
9069
4795
6291
26021
1885
-1
90125
3956
15465
9499
15284
-1
40910
5839
4177
9174
21407
9518
-1
2615
-1
7373
12189
8604
6568
3720
-1
11990
4655
4154
4543
26968
-1
5501
10403
6784
17236
6609
14133
16148
