0
4
1 6
1 8
85 90
85 96
0
4
1 2
1 3
69 71
70 71
1
16 21
0
0
0
0
0
0
0
0
0
0
0
498
1 4
1 5
1 7
1 9
1 11
1 13
1 17
1 19
1 23
1 25
1 29
1 31
1 37
1 41
1 43
1 47
1 49
2 29
2 31
2 37
2 41
2 43
2 47
3 17
3 19
3 23
3 27
3 29
3 31
3 37
3 41
3 43
3 47
4 29
4 31
4 37
4 41
4 43
4 47
5 11
5 13
5 17
5 19
5 23
5 25
5 29
5 31
5 37
5 41
5 43
5 47
6 29
6 31
6 37
6 41
6 43
6 47
7 11
7 13
7 17
7 19
7 23
7 29
7 31
7 37
7 41
7 43
7 47
7 49
8 29
8 31
8 32
8 37
8 41
8 43
8 47
9 17
9 19
9 23
9 27
9 29
9 31
9 37
9 41
9 43
9 47
9 49
10 29
10 31
10 37
10 41
10 43
10 47
11 13
11 17
11 19
11 22
11 23
11 25
11 29
11 31
11 33
11 35
11 37
11 41
11 43
11 44
11 47
11 49
12 29
12 31
12 37
12 41
12 43
12 47
13 17
13 19
13 23
13 25
13 26
13 29
13 31
13 35
13 37
13 39
13 41
13 43
13 47
13 49
14 29
14 31
14 37
14 41
14 43
14 47
14 49
15 17
15 19
15 23
15 25
15 29
15 31
15 37
15 41
15 43
15 47
16 29
16 31
16 32
16 37
16 41
16 43
16 47
16 49
17 19
17 21
17 23
17 25
17 27
17 29
17 31
17 33
17 34
17 35
17 37
17 39
17 41
17 43
17 45
17 47
17 49
18 27
18 29
18 31
18 37
18 41
18 43
18 47
19 21
19 23
19 25
19 27
19 29
19 31
19 33
19 35
19 37
19 38
19 39
19 41
19 43
19 45
19 47
19 49
20 29
20 31
20 37
20 41
20 43
20 47
21 23
21 27
21 29
21 31
21 33
21 37
21 39
21 41
21 43
21 47
21 49
22 29
22 31
22 33
22 35
22 37
22 41
22 43
22 44
22 47
22 49
23 25
23 27
23 29
23 31
23 33
23 35
23 37
23 39
23 41
23 43
23 45
23 46
23 47
23 49
24 29
24 31
24 37
24 41
24 43
24 47
25 29
25 31
25 33
25 35
25 37
25 39
25 41
25 43
25 45
25 47
25 49
25 50
26 28
26 29
26 31
26 32
26 34
26 35
26 37
26 38
26 39
26 40
26 41
26 43
26 44
26 46
26 47
26 49
26 50
27 29
27 31
27 33
27 34
27 36
27 37
27 38
27 39
27 41
27 42
27 43
27 45
27 46
27 47
27 48
27 49
28 29
28 31
28 32
28 34
28 37
28 38
28 41
28 43
28 44
28 46
28 47
28 49
29 30
29 31
29 32
29 33
29 34
29 35
29 36
29 37
29 38
29 39
29 40
29 41
29 42
29 43
29 44
29 45
29 46
29 47
29 48
29 49
29 50
30 31
30 34
30 37
30 38
30 41
30 43
30 46
30 47
30 50
31 32
31 33
31 34
31 35
31 36
31 37
31 38
31 39
31 40
31 41
31 42
31 43
31 44
31 45
31 46
31 47
31 48
31 49
31 50
32 34
32 37
32 38
32 40
32 41
32 43
32 44
32 46
32 47
32 48
32 49
32 50
33 34
33 35
33 37
33 38
33 39
33 41
33 42
33 43
33 44
33 45
33 46
33 47
33 49
33 50
34 35
34 36
34 37
34 38
34 39
34 40
34 41
34 42
34 43
34 44
34 45
34 46
34 47
34 48
34 49
34 50
35 37
35 38
35 39
35 41
35 43
35 44
35 45
35 46
35 47
35 49
35 50
36 37
36 38
36 39
36 41
36 42
36 43
36 45
36 46
36 47
36 48
36 49
37 38
37 39
37 40
37 41
37 42
37 43
37 44
37 45
37 46
37 47
37 48
37 49
37 50
38 39
38 40
38 41
38 42
38 43
38 44
38 45
38 46
38 47
38 48
38 49
38 50
39 40
39 41
39 42
39 43
39 44
39 45
39 46
39 47
39 48
39 49
39 50
40 41
40 43
40 44
40 46
40 47
40 48
40 49
40 50
41 42
41 43
41 44
41 45
41 46
41 47
41 48
41 49
41 50
42 43
42 44
42 45
42 46
42 47
42 48
42 49
42 50
43 44
43 45
43 46
43 47
43 48
43 49
43 50
44 45
44 46
44 47
44 48
44 49
44 50
45 46
45 47
45 48
45 49
45 50
46 47
46 48
46 49
46 50
47 48
47 49
47 50
48 49
0
0
0
0
0
0
4
1 2
1 3
4 6
5 6
0
0
0
0
0
0